******* Ramp mode: variable ε̇|γ̇ **********
ε̇|γ̇	extStressXX	extStressXY	extStressXZ	extStressYY	extStressYZ	extStressZZ	Status	Relative_Error
0.0001	6.659998e-06	0.03330001	0	0	0	0	Exceed_Niter	3.955471e-07
0.001	0.0006659971	0.3329985	0	0	0	0	Exceed_Niter	4.821823e-06
0.01	0.06657338	3.329334	0	0	0	0	Converged	9.969723e-09
0.1	6.408529	32.66527	0	0	0	0	Converged	9.827645e-09
1	200.161	182.5563	0	0	0	0	Converged	7.470681e-09
10	747.5322	352.7947	0	0	0	0	Converged	9.38476e-09
100	1408.781	484.3162	0	0	0	0	Converged	9.964388e-09
1000	2108.408	592.4948	0	0	0	0	Converged	9.200462e-09
10000	2826.374	685.9968	0	0	0	0	Converged	9.415677e-09
100000	3554.949	769.35	0	0	0	0	Converged	9.716603e-09
1000000	4290.401	845.1937	0	0	0	0	Converged	9.477604e-09
