******* Ramp mode: variable ε̇|γ̇ **********
ε̇|γ̇	extStressXX	extStressXY	extStressXZ	extStressYY	extStressYZ	extStressZZ	Status	Relative_Error
0.0001	0.06661334	0	0	-0.03329668	0	-0.03329668	Exceed_Niter	3.954602e-07
0.001	0.6673327	0	0	-0.3326663	0	-0.3326663	Exceed_Niter	4.817574e-06
0.01	6.795498	0	0	-3.296832	0	-3.296832	Converged	9.958677e-09
0.1	82.55421	0	0	-30.0883	0	-30.0883	Converged	9.955614e-09
1	2878.783	0	0	-103.053	0	-103.053	Converged	8.497728e-09
10	10299.07	0	0	-108.6579	0	-108.6579	Converged	8.166482e-09
100	17923.98	0	0	-109.642	0	-109.642	Converged	9.591739e-09
1000	25574.17	0	0	-110.0449	0	-110.0449	Converged	9.385965e-09
10000	33232.35	0	0	-110.267	0	-110.267	Converged	7.313674e-09
100000	40894.05	0	0	-110.4086	0	-110.4086	Converged	5.117203e-09
1000000	48557.59	0	0	-110.4982	0	-110.4982	Converged	9.452645e-09
