******* Ramp mode: variable ε̇|γ̇ **********
ε̇|γ̇	extStressXX	extStressXY	extStressXZ	extStressYY	extStressYZ	extStressZZ	Status	Relative_Error
0.0001	-3.33e-10	0.03330001	0	6.659665e-06	0	0	Exceed_Niter	3.955471e-07
0.001	-3.329998e-08	0.3329992	0	0.0006659665	0	0	Exceed_Niter	4.821802e-06
0.01	-3.33e-06	3.33	0	0.06659667	0	0	Converged	9.993269e-09
0.1	-0.000332998	33.2999	0	6.659634	0	0	Converged	9.764144e-09
1	-0.03328003	332.9002	0	665.6339	0	0	Converged	9.816689e-09
10	-3.146201	3236.799	0	63521.09	0	0	Converged	9.945894e-09
100	-76.87767	16001.42	0	1999132	0	0	Exceed_Niter	5.072221e-07
1000	-212.5729	29877.05	0	1.328838e+07	0	0	Exceed_Niter	5.483957e-05
10000	-243.4163	59572.17	0	4.865731e+07	0	0	Exceed_Niter	9.86378e-05
100000	-252.6626	95244.89	0	1.233808e+08	0	0	Exceed_Niter	0.0001292685
1000000	-254.7853	135720.4	0	2.463372e+08	0	0	Exceed_Niter	0.0001140983
