******* Ramp mode: variable ε̇|γ̇ **********
ε̇|γ̇	extStressXX	extStressXY	extStressXZ	extStressYY	extStressYZ	extStressZZ	Status	Relative_Error
0.0001	6.560098e-06	0.03330001	0	-9.989998e-08	0	0	Exceed_Niter	3.955471e-07
0.001	0.0006560091	0.332999	0	-9.989987e-06	0	0	Exceed_Niter	4.821807e-06
0.01	0.06559425	3.329819	0	-0.0009988972	0	0	Converged	9.998146e-09
0.1	6.493612	33.12113	0	-0.0988875	0	0	Converged	9.868455e-09
1	368.0559	245.2583	0	-5.604912	0	0	Converged	9.998885e-09
10	2161.568	542.4286	0	-32.91728	0	0	Converged	9.643625e-09
100	4559.919	673.9035	0	-69.44039	0	0	Converged	9.012067e-09
1000	7054.441	659.2471	0	-107.428	0	0	Converged	9.649728e-09
10000	9392.127	494.2398	0	-143.0273	0	0	Converged	9.829969e-09
100000	10912.18	176.6625	0	-166.1753	0	0	Converged	9.499855e-09
1000000	11097.57	20.57287	0	-168.9985	0	0	Exceed_Niter	6.444066e-07
