******* Ramp mode: variable ε̇|γ̇ **********
ε̇|γ̇	extStressXX	extStressXY	extStressXZ	extStressYY	extStressYZ	extStressZZ	Status	Relative_Error
0.0001	0.06661334	0	0	-0.03329668	0	-0.03329668	Exceed_Niter	3.954602e-07
0.001	0.667333	0	0	-0.3326665	0	-0.3326665	Exceed_Niter	4.817569e-06
0.01	6.795813	0	0	-3.29698	0	-3.29698	Converged	9.997583e-09
0.1	83.0735	0	0	-30.22602	0	-30.22602	Converged	9.829427e-09
1	9890.91	0	0	-108.5633	0	-108.5633	Converged	9.902485e-09
10	40233.73	0	0	-110.3909	0	-110.3909	Converged	8.639141e-09
100	70857.35	0	0	-110.6533	0	-110.6533	Converged	8.7837e-09
1000	101509.2	0	0	-110.7579	0	-110.7579	Converged	7.774016e-09
10000	132169.6	0	0	-110.8177	0	-110.8177	Converged	9.817935e-09
100000	162833.8	0	0	-110.8606	0	-110.8606	Converged	7.560557e-09
1000000	193500	0	0	-110.8763	0	-110.8763	Converged	2.108791e-09
