******* Ramp mode: variable ε̇|γ̇ **********
ε̇|γ̇	extStressXX	extStressXY	extStressXZ	extStressYY	extStressYZ	extStressZZ	Status	Relative_Error
0.0001	0.06661333	0	0	-0.03329667	0	-0.03329667	Exceed_Niter	3.954602e-07
0.001	0.667329	0	0	-0.3326645	0	-0.3326645	Exceed_Niter	4.817632e-06
0.01	6.791721	0	0	-3.295054	0	-3.295054	Converged	9.969556e-09
0.1	77.28347	0	0	-28.66335	0	-28.66335	Converged	9.864187e-09
1	547.0542	0	0	-78.95804	0	-78.95804	Converged	9.178673e-09
10	1264.275	0	0	-94.4203	0	-94.4203	Converged	9.73181e-09
100	2015.236	0	0	-99.98552	0	-99.98552	Converged	9.815058e-09
1000	2774.399	0	0	-102.7761	0	-102.7761	Converged	9.358458e-09
10000	3536.714	0	0	-104.444	0	-104.444	Converged	9.512271e-09
100000	4300.56	0	0	-105.5513	0	-105.5513	Converged	9.502726e-09
1000000	5065.264	0	0	-106.3394	0	-106.3394	Converged	8.623034e-09
