******* Ramp mode: variable ε̇|γ̇ **********
ε̇|γ̇	extStressXX	extStressXY	extStressXZ	extStressYY	extStressYZ	extStressZZ	Status	Relative_Error
0.0001	0.06661333	0	0	-0.03329668	0	-0.03329668	Exceed_Niter	3.954602e-07
0.001	0.6673311	0	0	-0.3326655	0	-0.3326655	Exceed_Niter	4.8176e-06
0.01	6.793818	0	0	-3.296041	0	-3.296041	Converged	9.982814e-09
0.1	80.01515	0	0	-29.40807	0	-29.40807	Converged	9.903134e-09
1	856.65	0	0	-88.15478	0	-88.15478	Converged	9.525853e-09
10	2288.017	0	0	-101.1825	0	-101.1825	Converged	9.50815e-09
100	3794.433	0	0	-104.8647	0	-104.8647	Converged	9.937423e-09
1000	5315.768	0	0	-106.5502	0	-106.5502	Converged	8.702237e-09
10000	6842.395	0	0	-107.5118	0	-107.5118	Converged	8.540563e-09
100000	8371.488	0	0	-108.1325	0	-108.1325	Converged	9.355991e-09
1000000	9901.927	0	0	-108.566	0	-108.566	Converged	8.968416e-09
