******* Ramp mode: variable ε̇|γ̇ **********
ε̇|γ̇	extStressXX	extStressXY	extStressXZ	extStressYY	extStressYZ	extStressZZ	Status	Relative_Error
0.0001	3.329999e-06	0.03330001	0	-3.33e-06	0	0	Exceed_Niter	3.955471e-07
0.001	0.0003329997	0.3329989	0	-0.0003329995	0	0	Exceed_Niter	4.821809e-06
0.01	0.03329667	3.329667	0	-0.03329667	0	0	Converged	9.994732e-09
0.1	3.29703	32.9703	0	-3.29703	0	0	Converged	9.892421e-09
1	166.5	166.5	0	-166.5	0	0	Converged	9.468887e-09
10	329.6993	32.96972	0	-329.7031	0	0	Converged	9.560304e-09
100	343.8682	3.449505	0	-332.9654	0	0	Exceed_Niter	2.101447e-05
1000	1388.705	2.872168	0	-332.9941	0	0	Exceed_Niter	0.0001116558
10000	3935.28	3.943359	0	-332.996	0	0	Exceed_Niter	7.999735e-05
100000	8571.159	5.542004	0	-332.9964	0	0	Exceed_Niter	0.0001138897
1000000	15518.55	7.385397	0	-332.9965	0	0	Exceed_Niter	0.0001004407
