******* Ramp mode: variable ε̇|γ̇ **********
ε̇|γ̇	extStressXX	extStressXY	extStressXZ	extStressYY	extStressYZ	extStressZZ	Status	Relative_Error
0.0001	6.426898e-06	0.03330001	0	-2.331e-07	0	0	Exceed_Niter	3.955471e-07
0.001	0.0006426896	0.3329991	0	-2.330998e-05	0	0	Exceed_Niter	4.821803e-06
0.01	0.06426689	3.329933	0	-0.002330908	0	0	Converged	9.993147e-09
0.1	6.405932	33.23365	0	-0.2321834	0	0	Converged	9.749664e-09
1	502.5825	286.4648	0	-17.3133	0	0	Converged	9.773126e-09
10	6669.169	807.8018	0	-141.3725	0	0	Converged	9.724059e-09
100	29648.29	1073.35	0	-255.9489	0	0	Converged	9.883491e-09
1000	103062.7	1168.089	0	-306.5998	0	0	Converged	9.902715e-09
10000	335142.5	1165.225	0	-324.6634	0	0	Exceed_Niter	2.131481e-05
100000	1414062	2163.787	0	-328.6613	0	0	Exceed_Niter	8.700999e-06
1000000	3821902	3441.075	0	-329.5207	0	0	Exceed_Niter	0.000110717
