******* Ramp mode: variable ε̇|γ̇ **********
ε̇|γ̇	extStressXX	extStressXY	extStressXZ	extStressYY	extStressYZ	extStressZZ	Status	Relative_Error
0.0001	6.665998e-05	0.3333001	0	0	0	0	Exceed_Niter	3.955471e-07
0.001	0.006665991	3.33299	0	0	0	0	Exceed_Niter	4.821807e-06
0.01	0.6665333	33.32833	0	0	0	0	Converged	9.998265e-09
0.1	66.00322	331.654	0	0	0	0	Converged	9.880815e-09
1	3780.577	2510.046	0	0	0	0	Converged	9.671337e-09
10	22568.61	6132.748	0	0	0	0	Converged	9.368114e-09
100	48207.49	8963.134	0	0	0	0	Converged	9.673302e-09
1000	75881.47	11245.29	0	0	0	0	Converged	9.918507e-09
10000	104449.5	13193.39	0	0	0	0	Converged	9.91703e-09
100000	133511.2	14916.33	0	0	0	0	Converged	9.583832e-09
1000000	162883.8	16475.63	0	0	0	0	Converged	9.671911e-09
