******* Ramp mode: variable ε̇|γ̇ **********
ε̇|γ̇	extStressXX	extStressXY	extStressXZ	extStressYY	extStressYZ	extStressZZ	Status	Relative_Error
0.0001	0.0666132	0	0	-0.03329671	0	-0.03329671	Exceed_Niter	3.954606e-07
0.001	0.6673197	0	0	-0.3326699	0	-0.3326699	Exceed_Niter	4.817605e-06
0.01	6.794504	0	0	-3.297353	0	-3.297353	Converged	9.994955e-09
0.1	82.99146	0	0	-30.29779	0	-30.29779	Converged	9.653624e-09
1	33953.18	0	0	-166.9183	0	-166.9183	Converged	9.626004e-09
10	633050.3	0	0	-302.9763	0	-302.9763	Converged	8.649972e-09
100	6627034	0	0	-329.7333	0	-329.7333	Converged	9.466351e-09
1000	6.656703e+07	0	0	-332.6704	0	-332.6704	Converged	9.417146e-09
10000	6.65967e+08	0	0	-332.967	0	-332.967	Converged	9.178953e-09
100000	6.659967e+09	0	0	-332.9967	0	-332.9967	Converged	9.155465e-09
1000000	6.659996e+10	0	0	-332.9997	0	-332.9997	Converged	9.153119e-09
