******* Ramp mode: variable ε̇|γ̇ **********
ε̇|γ̇	extStressXX	extStressXY	extStressXZ	extStressYY	extStressYZ	extStressZZ	Status	Relative_Error
0.0001	0.06661334	0	0	-0.03329668	0	-0.03329668	Exceed_Niter	3.954602e-07
0.001	0.6673329	0	0	-0.3326664	0	-0.3326664	Exceed_Niter	4.817571e-06
0.01	6.795708	0	0	-3.296931	0	-3.296931	Converged	9.999097e-09
0.1	82.89872	0	0	-30.17972	0	-30.17972	Converged	9.993272e-09
1	5239.695	0	0	-106.4882	0	-106.4882	Converged	9.921345e-09
10	20279.64	0	0	-109.7981	0	-109.7981	Converged	9.9456e-09
100	35569.48	0	0	-110.3115	0	-110.3115	Converged	9.226061e-09
1000	50886.49	0	0	-110.518	0	-110.518	Converged	8.231411e-09
10000	66211.91	0	0	-110.6328	0	-110.6328	Converged	8.255136e-09
100000	81541	0	0	-110.7068	0	-110.7068	Converged	4.861054e-09
1000000	96872.02	0	0	-110.7497	0	-110.7497	Converged	3.2214e-09
