******* Ramp mode: variable ε̇|γ̇ **********
ε̇|γ̇	extStressXX	extStressXY	extStressXZ	extStressYY	extStressYZ	extStressZZ	Status	Relative_Error
0.0001	0.06661334	0	0	-0.03329668	0	-0.03329668	Exceed_Niter	3.954602e-07
0.001	0.667333	0	0	-0.3326665	0	-0.3326665	Exceed_Niter	4.817569e-06
0.01	6.795876	0	0	-3.29701	0	-3.29701	Converged	9.996675e-09
0.1	83.17919	0	0	-30.254	0	-30.254	Converged	9.731797e-09
1	23765.11	0	0	-109.9727	0	-109.9727	Converged	9.567176e-09
10	100090	0	0	-110.7544	0	-110.7544	Converged	9.795178e-09
100	176718.4	0	0	-110.8608	0	-110.8608	Converged	8.537713e-09
1000	253375.6	0	0	-110.903	0	-110.903	Converged	9.609011e-09
10000	330041.6	0	0	-110.9282	0	-110.9282	Converged	6.926298e-09
100000	406711.4	0	0	-110.9561	0	-110.9561	Converged	6.182125e-09
1000000	483383.1	0	0	-110.9526	0	-110.9526	Converged	2.853519e-09
