******* Ramp mode: variable ε̇|γ̇ **********
ε̇|γ̇	extStressXX	extStressXY	extStressXZ	extStressYY	extStressYZ	extStressZZ	Status	Relative_Error
0.0001	4.994998e-06	0.03330001	0	-1.665e-06	0	0	Exceed_Niter	3.955471e-07
0.001	0.0004994992	0.3329989	0	-0.0001664996	0	0	Exceed_Niter	4.821808e-06
0.01	0.04994293	3.329667	0	-0.01664709	0	0	Converged	9.993139e-09
0.1	4.925759	32.9735	0	-1.636531	0	0	Converged	9.736944e-09
1	252.3767	205.8053	0	-71.21161	0	0	Converged	9.038525e-09
10	1723.666	316.7663	0	-230.295	0	0	Converged	9.886423e-09
100	6310.458	331.3399	0	-299.7831	0	0	Converged	9.921858e-09
1000	20722.12	332.8205	0	-322.4725	0	0	Converged	9.943805e-09
10000	65888.34	331.2211	0	-329.6689	0	0	Exceed_Niter	6.736192e-06
100000	268575.7	477.1704	0	-331.7411	0	0	Exceed_Niter	5.43586e-05
1000000	775445.1	792.4004	0	-332.0478	0	0	Exceed_Niter	9.762522e-05
