******* Ramp mode: variable ε̇|γ̇ **********
ε̇|γ̇	extStressXX	extStressXY	extStressXZ	extStressYY	extStressYZ	extStressZZ	Status	Relative_Error
0.0001	6.659998e-06	0.03330001	0	0	0	0	Exceed_Niter	3.955471e-07
0.001	0.0006659998	0.3329992	0	0	0	0	Exceed_Niter	4.821802e-06
0.01	0.06659997	3.329999	0	0	0	0	Converged	9.993289e-09
0.1	6.659734	33.29933	0	0	0	0	Converged	9.766093e-09
1	663.3518	332.3373	0	0	0	0	Converged	9.895858e-09
10	49478.45	2870.219	0	0	0	0	Converged	9.902191e-09
100	449018.7	8646.494	0	0	0	0	Converged	9.949891e-09
1000	1071038	13353.9	0	0	0	0	Converged	9.890534e-09
10000	1755528	17096.77	0	0	0	0	Converged	9.996956e-09
100000	2465729	20262.17	0	0	0	0	Converged	9.965605e-09
1000000	3189633	23045.57	0	0	0	0	Converged	9.980289e-09
