******* Ramp mode: variable ε̇|γ̇ **********
ε̇|γ̇	extStressXX	extStressXY	extStressXZ	extStressYY	extStressYZ	extStressZZ	Status	Relative_Error
0.0001	0.06660667	0	0	-0.03329834	0	-0.03329834	Exceed_Niter	3.954839e-07
0.001	0.6666644	0	0	-0.3328327	0	-0.3328327	Exceed_Niter	4.819402e-06
0.01	6.726593	0	0	-3.31335	0	-3.31335	Converged	9.985561e-09
0.1	73.1947	0	0	-31.63914	0	-31.63914	Converged	9.851821e-09
1	1077.611	0	0	-195.0668	0	-195.0668	Converged	9.525107e-09
10	12995.32	0	0	-316.3907	0	-316.3907	Converged	9.153797e-09
100	132867.8	0	0	-331.3338	0	-331.3338	Converged	8.176831e-09
1000	1331667	0	0	-332.8334	0	-332.8334	Converged	9.264488e-09
10000	1.331967e+07	0	0	-332.9833	0	-332.9833	Converged	9.163976e-09
100000	1.331997e+08	0	0	-332.9983	0	-332.9983	Converged	9.15397e-09
1000000	1.332e+09	0	0	-332.9998	0	-332.9998	Converged	9.15297e-09
