******* Ramp mode: variable ε̇|γ̇ **********
ε̇|γ̇	extStressXX	extStressXY	extStressXZ	extStressYY	extStressYZ	extStressZZ	Status	Relative_Error
0.0001	0.6667335	0	0	-0.3332667	0	-0.3332667	Exceed_Niter	3.954602e-07
0.001	6.679333	0	0	-3.329657	0	-3.329657	Exceed_Niter	4.817584e-06
0.01	68.00989	0	0	-32.99505	0	-32.99505	Converged	9.967725e-09
0.1	816.3243	0	0	-298.4989	0	-298.4989	Converged	9.824609e-09
1	14004.98	0	0	-958.8679	0	-958.8679	Converged	8.562054e-09
10	43046.3	0	0	-1056.466	0	-1056.466	Converged	9.606955e-09
100	73386.02	0	0	-1078.349	0	-1078.349	Converged	9.983549e-09
1000	103931.6	0	0	-1087.745	0	-1087.745	Converged	8.616684e-09
10000	134545.4	0	0	-1092.951	0	-1092.951	Converged	9.539385e-09
100000	165190.4	0	0	-1096.355	0	-1096.355	Converged	9.884007e-09
1000000	195851.5	0	0	-1098.538	0	-1098.538	Converged	9.341049e-09
