******* Ramp mode: variable ε̇|γ̇ **********
ε̇|γ̇	extStressXX	extStressXY	extStressXZ	extStressYY	extStressYZ	extStressZZ	Status	Relative_Error
0.0001	0.06660015	0	0	-0.03329997	0	-0.03329997	Exceed_Niter	3.955462e-07
0.001	0.6660117	0	0	-0.3329959	0	-0.3329959	Exceed_Niter	4.821764e-06
0.01	6.661332	0	0	-3.329667	0	-3.329667	Converged	9.993223e-09
0.1	66.73337	0	0	-33.26668	0	-33.26668	Converged	9.743613e-09
1	679.4867	0	0	-329.6535	0	-329.6535	Converged	9.634035e-09
10	8155.886	0	0	-2982.303	0	-2982.303	Converged	9.949608e-09
100	139924	0	0	-9579.992	0	-9579.992	Converged	9.996818e-09
1000	430076.6	0	0	-10555.43	0	-10555.43	Converged	9.967261e-09
10000	733201.5	0	0	-10774.46	0	-10774.46	Converged	9.966624e-09
100000	1038383	0	0	-10868.7	0	-10868.7	Converged	9.97436e-09
1000000	1344247	0	0	-10921.09	0	-10921.09	Converged	9.978573e-09
