******* Ramp mode: variable ε̇|γ̇ **********
ε̇|γ̇	extStressXX	extStressXY	extStressXZ	extStressYY	extStressYZ	extStressZZ	Status	Relative_Error
0.0001	6.626698e-06	0.03330001	0	-3.33e-08	0	0	Exceed_Niter	3.955471e-07
0.001	0.0006626698	0.3329992	0	-3.329998e-06	0	0	Exceed_Niter	4.821802e-06
0.01	0.06626667	3.32999	0	-0.000332998	0	0	Converged	9.99325e-09
0.1	6.623419	33.29008	0	-0.0332802	0	0	Converged	9.761885e-09
1	632.3175	323.7358	0	-3.14759	0	0	Converged	9.128739e-09
10	19972.08	1601.379	0	-77.18852	0	0	Converged	9.867249e-09
100	117338	2655.041	0	-213.0622	0	0	Converged	9.707429e-09
1000	437492.7	3092.992	0	-289.3309	0	0	Exceed_Niter	1.198682e-07
10000	1646899	3609.282	0	-318.712	0	0	Exceed_Niter	7.363662e-05
100000	5579263	6771.308	0	-322.8752	0	0	Exceed_Niter	8.246641e-05
1000000	1.385726e+07	10649.07	0	-324.0462	0	0	Exceed_Niter	0.0001244294
