******* Ramp mode: variable ε̇|γ̇ **********
ε̇|γ̇	extStressXX	extStressXY	extStressXZ	extStressYY	extStressYZ	extStressZZ	Status	Relative_Error
0.0001	0.06661294	0	0	-0.03329678	0	-0.03329678	Exceed_Niter	3.954628e-07
0.001	0.667292	0	0	-0.332676	0	-0.332676	Exceed_Niter	4.817711e-06
0.01	6.790743	0	0	-3.29753	0	-3.29753	Converged	9.96723e-09
0.1	81.01897	0	0	-29.91834	0	-29.91834	Converged	9.780298e-09
1	1375.67	0	0	-98.1106	0	-98.1106	Converged	8.211956e-09
10	4269.97	0	0	-108.6115	0	-108.6115	Converged	9.666931e-09
100	7299.909	0	0	-110.9544	0	-110.9544	Converged	9.072573e-09
1000	10351.21	0	0	-111.9577	0	-111.9577	Converged	9.135081e-09
10000	13409.58	0	0	-112.5153	0	-112.5153	Converged	3.830177e-09
100000	16471.14	0	0	-112.8706	0	-112.8706	Converged	6.614872e-09
1000000	19534.38	0	0	-113.108	0	-113.108	Converged	9.171424e-09
