******* Ramp mode: variable ε̇|γ̇ **********
ε̇|γ̇	extStressXX	extStressXY	extStressXZ	extStressYY	extStressYZ	extStressZZ	Status	Relative_Error
0.0001	0.06661334	0	0	-0.03329668	0	-0.03329668	Exceed_Niter	3.954602e-07
0.001	0.667333	0	0	-0.3326665	0	-0.3326665	Exceed_Niter	4.817568e-06
0.01	6.795897	0	0	-3.29702	0	-3.29702	Converged	9.996373e-09
0.1	83.21456	0	0	-30.26335	0	-30.26335	Converged	9.699366e-09
1	46856.19	0	0	-110.4766	0	-110.4766	Converged	9.255014e-09
10	199848.4	0	0	-110.8769	0	-110.8769	Converged	9.265001e-09
100	353152.6	0	0	-110.9303	0	-110.9303	Converged	9.903965e-09
1000	506485.8	0	0	-110.9515	0	-110.9515	Converged	9.267089e-09
10000	659827.8	0	0	-110.9655	0	-110.9655	Converged	7.156363e-09
100000	813173.7	0	0	-111.0027	0	-111.0027	Converged	8.970563e-09
1000000	966521.5	0	0	-110.9781	0	-110.9781	Converged	3.212141e-09
