******* Ramp mode: variable ε̇|γ̇ **********
ε̇|γ̇	extStressXX	extStressXY	extStressXZ	extStressYY	extStressYZ	extStressZZ	Status	Relative_Error
0.0001	0.06661333	0	0	-0.03329668	0	-0.03329668	Exceed_Niter	3.954602e-07
0.001	0.6673329	0	0	-0.3326666	0	-0.3326666	Exceed_Niter	4.817568e-06
0.01	6.795904	0	0	-3.297033	0	-3.297033	Converged	9.996059e-09
0.1	83.2474	0	0	-30.27298	0	-30.27298	Converged	9.666857e-09
1	3330665	0	0	-166.5042	0	-166.5042	Converged	9.558402e-09
10	6.327035e+07	0	0	-302.7282	0	-302.7282	Converged	9.172058e-09
100	6.626703e+08	0	0	-329.7013	0	-329.7013	Converged	9.498562e-09
1000	6.65667e+09	0	0	-332.6671	0	-332.6671	Converged	9.420261e-09
10000	6.659667e+10	0	0	-332.9667	0	-332.9667	Converged	9.179256e-09
100000	6.659966e+11	0	0	-332.9967	0	-332.9967	Converged	9.155495e-09
1000000	6.659996e+12	0	0	-332.9997	0	-332.9997	Converged	9.153122e-09
