******* Ramp mode: variable ε̇|γ̇ **********
ε̇|γ̇	extStressXX	extStressXY	extStressXZ	extStressYY	extStressYZ	extStressZZ	Status	Relative_Error
0.0001	0.0666124	0	0	-0.03329691	0	-0.03329691	Exceed_Niter	3.954635e-07
0.001	0.6672393	0	0	-0.3326898	0	-0.3326898	Exceed_Niter	4.817825e-06
0.01	6.786041	0	0	-3.299295	0	-3.299295	Converged	9.988294e-09
0.1	81.50447	0	0	-30.44991	0	-30.44991	Converged	9.933997e-09
1	5349.406	0	0	-169.5204	0	-169.5204	Converged	9.236441e-09
10	90734.89	0	0	-304.4972	0	-304.4972	Converged	8.775162e-09
100	947006	0	0	-329.9276	0	-329.9276	Converged	9.279698e-09
1000	9509861	0	0	-332.6903	0	-332.6903	Converged	9.398292e-09
10000	9.513843e+07	0	0	-332.969	0	-332.969	Converged	9.177118e-09
100000	9.514241e+08	0	0	-332.9969	0	-332.9969	Converged	9.155282e-09
1000000	9.514281e+09	0	0	-332.9997	0	-332.9997	Converged	9.153101e-09
