******* Ramp mode: variable ε̇|γ̇ **********
ε̇|γ̇	extStressXX	extStressXY	extStressXZ	extStressYY	extStressYZ	extStressZZ	Status	Relative_Error
0.0001	0.06661334	0	0	-0.03329668	0	-0.03329668	Exceed_Niter	3.954602e-07
0.001	0.6673331	0	0	-0.3326665	0	-0.3326665	Exceed_Niter	4.817568e-06
0.01	6.795914	0	0	-3.297028	0	-3.297028	Converged	9.99613e-09
0.1	83.24291	0	0	-30.27085	0	-30.27085	Converged	9.673462e-09
1	231518.4	0	0	-110.8937	0	-110.8937	Converged	9.455682e-09
10	997911.9	0	0	-110.9754	0	-110.9754	Converged	9.921787e-09
100	1764624	0	0	-110.9861	0	-110.9861	Converged	9.7768e-09
1000	2531366	0	0	-110.9904	0	-110.9904	Converged	8.994807e-09
10000	3298117	0	0	-110.9954	0	-110.9954	Converged	7.3613e-09
100000	4064872	0	0	-111.1233	0	-111.1233	Converged	8.77637e-09
1000000	4831628	0	0	-110.9983	0	-110.9983	Converged	7.197343e-09
