******* Ramp mode: variable ε̇|γ̇ **********
ε̇|γ̇	extStressXX	extStressXY	extStressXZ	extStressYY	extStressYZ	extStressZZ	Status	Relative_Error
0.0001	0.06661422	0	0	-0.03329712	0	-0.03329712	Exceed_Niter	2.705316e-05
0.001	0.6673337	0	0	-0.3326668	0	-0.3326668	Converged	9.966953e-09
0.01	6.794868	0	0	-3.296535	0	-3.296535	Converged	9.643106e-09
0.1	81.57209	0	0	-29.82653	0	-29.82653	Converged	8.227142e-09
1	1979.716	0	0	-99.80782	0	-99.80782	Converged	6.8558e-10
10	25871.01	0	0	-110.0556	0	-110.0556	Converged	8.580716e-10
100	265623.8	0	0	-110.9073	0	-110.9073	Converged	5.946035e-09
1000	2663223	0	0	-110.9938	0	-110.9938	Converged	2.168371e-09
10000	2.663922e+07	0	0	-110.9226	0	-110.9226	Converged	6.311351e-09
100000	2.663992e+08	0	0	-111.4222	0	-111.4222	Converged	6.028784e-09
1000000	2.663999e+09	0	0	-111.4213	0	-111.4213	Converged	6.016471e-10
