******* Ramp mode: variable ε̇|γ̇ **********
ε̇|γ̇	extStressXX	extStressXY	extStressXZ	extStressYY	extStressYZ	extStressZZ	Status	Relative_Error
0.0001	0.06661333	0	0	-0.03329668	0	-0.03329668	Exceed_Niter	3.954602e-07
0.001	0.6673321	0	0	-0.332666	0	-0.332666	Exceed_Niter	4.817584e-06
0.01	6.794868	0	0	-3.296535	0	-3.296535	Converged	9.967725e-09
0.1	81.55896	0	0	-29.82302	0	-29.82302	Converged	9.824609e-09
1	1399.237	0	0	-95.80048	0	-95.80048	Converged	8.562054e-09
10	4300.755	0	0	-105.5516	0	-105.5516	Converged	9.606955e-09
100	7331.997	0	0	-107.7379	0	-107.7379	Converged	9.983549e-09
1000	10383.8	0	0	-108.6766	0	-108.6766	Converged	8.616684e-09
10000	13442.43	0	0	-109.1967	0	-109.1967	Converged	9.539384e-09
100000	16504.17	0	0	-109.5368	0	-109.5368	Converged	9.884007e-09
1000000	19567.52	0	0	-109.7549	0	-109.7549	Converged	9.341049e-09
